
62295900201
62454235211
60835233893
62092476518
62036902023
60568895633
62035853478
62329454787
62398660812
62316871887
62194188529
62454235373
60325626116
62285414660
62374543614
60697870623
62105059610
62441652514
62194188607
62387126582
62419632442
62463672660
62441652588
62011736443
62318969212
60799582618
62205723042
62003347897
62027465133
62430118366
62183703019
62330503657
62387126774
62466818553
62377689605
62464721409
62366155278
62094574116
62318969371
62275977805
62309532245
60707308152
62151197316
62410195595
62275977924
62410195659
62421729996
62013833935
60744008450
62375592708
60771271477
62411244353
62085137258
62141760368
60754494323
60800631668
62229840785
60691579805
62120788887
60815311787
62243472301
62243472320
60800631750
62423827399
60713599965
62343087075
60243837926
62343087094
62366155758
62355670027
62065214491
62388175931
60583576638
62200480860
62355670116
62200480891
60811117706
60457747635
60835234994
62412293291
60841526472
62186849465
60777563371
62175315176
62322115817
62120789231
62175315194
62223549698
62312678657
60709405976
62119740690
62437459214
62378738999
62424876337
62346233161
60686337393
60814263676
62075700603
60670608777
62121837991
62256055719
62324213154
60838380982
60566799809
60821603793
62188946883
60842575324
62423827932
62201529836
62459479545
62075700749
62379787795
62358816303
62446896682
62180558414
62369302077
62346233452
62056826490
62241804386
60832089754
62258153129
60674803407
60805875406
62212015798
62358816448
62191044321
62346233558
62054729480
62282270460
62248716053
60787001176
62369302301
62404953886
62156441383
62347282217
62191044415
62007543645
62009640802
62054729582
60839430013
62189995925
62292756367
62224598948
62315825062
62248716224
62136518601
62358816737
62438508514
60768126997
60801681442
62181607461
60829993000
62008592421
60804827235
62371399787
60825798789
62002301041
60840478862
62035855501
62283319452
62452140208
62078847161
62406002870
62461577445
62294853881
62395517178
62237182211
60544780567
62416488740
60788050305
60827896206
60833139106
62429071790
62462626204
62361962930
62429071841
62061021684
62442703361
62361963032
62409148932
60260616762
62251862577
62317922875
60833139271
62069410373
62239279687
62159587935
62273882722
62342040183
62374546059
62196288158
62328408766
62106110664
62328408784
62388177606
60817410788
62073604828
60731427570
60827896568
62002301717
62095624971
62388177681
62081993501
62430120735
62196288309
60645444431
62374546245
62036904793
62040050526
62298000243
62396566389
60626570110
62251862914
62263397263
62063119263
62198385601
62264445893
62153296846
62265494491
60785953767
62153296875
62400760807
62307437561
62006496261
62434315313
62218308690
62321069142
62366157912
62330506331
60831042692
62084090998
62467869865
62117645511
62274931901
62477307068
62287514826
62097722628
62253960466
60663270686
60723039523
62132325654
60832091435
62368255277
62423829804
60762885441
62030613820
62286466390
60415806830
60781759856
62163783059
62245572001
62166928833
62175317451
60399029716
62015933905
62324215256
62345186781
62456335852
60748205569
62402858506
62423830034
62063119907
62391324196
60655930924
62389227060
62212017723
62344138307
60751351387
62232989258
60823703147
62279126631
62456335967
60813217396
62189997671
60623425184
62029565597
62335749787
60747157158
62424878771
62402861279
62358818497
62235086563
62367207135
62412295921
62280175363
62460530446
60788051734
60781760292
62222503716
62301146912
60816363312
62246620972
60764983123
62199435102
62313729915
62357770108
62089334657
60775468956
62311632789
62213066664
62008594362
60821606371
62224601057
62289612767
62076751854
60044611601
60474527764
62020128798
60758691882
62336798757
62016983098
62034808896
62416490545
60732477514
62314778714
60795392108
60779663483
60805877882
62189998210
60836286621
62170075293
60839432370
62148055207
62225649832
62268641460
62032711860
62293807290
62382691841
62392373440
62437462239
62224601319
62338896107
62394470632
62047392014
62035857695
62415442210
62381887831
62203629932
60598260090
60524859789
60833141126
62158541186
62281224571
62292758936
62013837733
62181609899
62306390428
62351479211
60719894994
60804829654
60783858146
62360916445
60500742672
62339944993
62172172849
62169027139
62192095799
62329459264
60725137991
62204678741
60827898469
62026420841
62339945081
62306390713
62428025527
60818461396
62079898324
62147007178
62306390737
62397616857
60634960614
62352528100
62071509744
62261302010
62171124489
60775469850
62070461206
62239281935
62035858205
62373499682
60714652456
62115550004
62150153035
60039369551
62374548305
60481868696
62306390976
62364062647
62127084502
62331556861
62127084557
62105064472
62250816547
62409151520
62286468132
60815316055
62397617243
60701021288
62375597176
62285419658
62083044525
62320022723
62410200266
62265496808
62421734616
62095627515
62441657598
62228796681
62014887209
62231942449
62095627585
62108210501
62397617501
62388180329
60798539126
62409151874
62467872128
62014887337
60764984766
60794344895
62251865547
60600358372
62075704809
62400763398
60629718541
62230894111
62265497118
62353577511
62243477039
62322120277
62062073475
62065219201
62401812119
62108210853
62142813860
62311634590
60820559534
62435366575
62119745247
62042150667
62107162369
60832093976
62153299740
62212020016
62456338270
60781762414
62312683369
62253963141
60826851215
62357772179
62377695162
62155397057
62379792338
62278080518
62322120735
62323169323
60796442671
1865422916
60428392528
60584630353
62289614942
62368258138
62212020332
62122891392
62369306750
62446901375
60718848143
62224603277
62133377195
62258157734
60620282037
62089337044
62269692137
60696828170
62087239941
62122891533
62325266715
62368258324
62480455954
60832094514
62245574964
60827900227
62098774338
62246623569
60811123036
60667468153
62279129450
62458435954
60528007552
60824754574
60776520090
60130597280
62302198182
62379792799
62045297094
62236137952
62136523296
62414395933
60817414705
62112406061
62247672363
62226700875
62326315600
62370355796
62156446300
62192097912
62305344134
62215166620
62237186707
62002305706
60720945858
62024325827
62283324113
62090386138
62327364374
62418590485
62091434795
62317927220
60748208976
62407056277
60812172231
62261304273
60718849000
62148058091
62012791794
62351481848
62441659398
62021180494
62417542212
60618185811
62215167064
62248721490
62373502092
62047394970
62329461902
62383987859
60836289716
62364064971
62262353103
62440611033
62353579234
60795395302
62071512301
62295907572
60616088843
62037957897
62330510598
62361967887
62342044977
62174272881
62363016574
60695780755
62272839068
62207827373
62219361712
62306393540
62373502400
62184758735
62118698448
62127087081
62453194225
62118698489
60823707152
60799589915
62329462293
62330510869
60150521379
62251867691
62196293191
62364065342
62422785616
62419639897
62320025195
62331559532
62107164335
62118698670
62419639994
62432222901
62466825930
60739821293
60837338878
62118698753
62355676916
62377697016
62288568090
62208876327
62309539623
60771278653
62466826052
62218313550
62320025439
60840484753
62207827860
62264450996
62266548154
62331559856
60754501580
62176370667
60832096257
62075707420
62119747606
62344142862
62053687328
62143864895
62311637055
62367211567
62256062543
62019084387
62275985508
62108213369
62275985523
62130233467
62209925263
62435369115
62188953774
62335754458
62390280428
60378063087
60621332729
62347288818
60836290824
62143865095
60689490206
62155399455
62301151518
60523815217
60704170292
62266548546
62400766306
60739821959
60815319434
62177419640
62322123142
60827902346
62358823316
62369309081
62336803244
62144913869
62244528581
60660130259
62212022744
62391329237
62447952342
62223557091
62224605673
62414397920
62154351087
62426980872
60735627805
62290666008
62009647656
62279131687
62336803370
62154351157
60702073409
62425932378
62179517027
62088290938
62077805181
62280180362
62401815169
60850971293
62021182094
62191051454
60751356621
62020133596
